8496,W3WP,3/13/2022 3:33:38 PM,0,0,0,79241216,78045184,0,13824000,13807616,5787648,5693440,5693440,12,8,13259.5191473,8496,3468,137008,32080,235,0.998359163623419,0.998359163623419,1.99671832724684,0,7.98687330898735,287.527439123545,295.514312432532,0,4980736
7932,W3WP,3/13/2022 3:33:39 PM,0,0,0,78585856,77922304,0,13774848,13762560,5804032,5705728,5705728,12,8,13269.3300399,7932,3468,136560,31824,234,0,0,0,0,0,0,0,0,5013504
5608,W3WP,3/13/2022 3:33:40 PM,0,0,0,79118336,77922304,0,13959168,13930496,5931008,5824512,5824512,12,8,13234.3737691,5608,3468,136560,22224,238,0.998003906677961,0.998003906677961,1.99600781335592,0,7.98403125342369,287.425125123253,295.409156376676,0,5173248
8888,W3WP,3/13/2022 3:33:41 PM,0,0,0,18775162880,18774081536,0,440107008,439922688,578502656,578351104,578351104,45,8,12815.2803543,8888,3468,429904,145016,1383,0,0,0,0,0,0,0,0,394174464
1040,W3WP,3/13/2022 3:33:42 PM,0,0,0,18791133184,18785808384,0,363302912,360914944,495632384,492462080,492462080,39,8,13294.5361409,1040,3468,433136,133656,1710,0,0,0,0,0,0,0,0,314597376
9140,W3WP,3/13/2022 3:33:43 PM,0,0,0,18766626816,18765029376,0,265154560,265134080,405704704,405528576,405528576,45,8,12081.9336773,9140,3468,412504,129752,1165,0.997098013460732,0.997098013460732,1.99419602692146,0,7.97678410768586,287.164227876691,295.141011984377,0,221720576
9304,W3WP,3/13/2022 3:33:44 PM,0,0,0,78585856,77922304,0,13766656,13742080,5791744,5693440,5693440,12,8,13223.6383283,9304,3468,136560,34224,228,0,0,0,0,0,0,0,0,4997120
9052,W3WP,3/13/2022 3:33:45 PM,0,0,0,18804453376,18799898624,0,361324544,358699008,497315840,494764032,494764032,39,8,13232.4467192,9052,3468,434584,142808,1308,1.00166101373689,1.00166101373689,2.00332202747378,0,8.0132881098951,288.478371956224,296.491660066119,0,309014528
1616,W3WP,3/13/2022 3:33:46 PM,0,0,0,78585856,77922304,0,13840384,13811712,5853184,5746688,5746688,12,8,13307.2058895,1616,3468,136560,31024,232,0,0,0,0,0,0,0,0,5058560
7204,W3WP,3/13/2022 3:33:47 PM,0,0,0,79118336,77922304,0,13807616,13795328,5865472,5746688,5746688,12,8,13279.1516109,7204,3468,136560,31824,236,0,0,0,0,0,0,0,0,5046272
6632,W3WP,3/13/2022 3:33:48 PM,0,0,0,78585856,77922304,0,13635584,13615104,5701632,5607424,5607424,12,8,4883.6397175,6632,3468,136560,35024,222,0.996618201936573,0.996618201936573,1.99323640387315,0,7.97294561549258,287.026042157733,294.998987773226,0,4866048
7260,W3WP,3/13/2022 3:33:49 PM,0,0,0,78585856,78454784,0,13778944,13774848,5795840,5730304,5730304,13,8,13281.1264149,7260,3468,136560,32080,240,0,0,0,0,0,0,0,0,5025792
2356,W3WP,3/13/2022 3:33:50 PM,0,0,0,18774683648,18767228928,0,803123200,781307904,936185856,911147008,911147008,38,8,13282.2865906,2356,3468,409320,131416,1113,1.00095677879114,1.00095677879114,2.00191355758227,0,8.00765423032908,288.275552291847,296.283206522176,0,735903744
4356,W3WP,3/13/2022 3:33:51 PM,0,0,0,18767151104,18763956224,4.00661898210354,241664000,241553408,382840832,382689280,382689280,39,8,13291.9191344,4356,3468,412456,135352,1311,1.00165474552588,2.00330949105177,3.00496423657765,49.0810825307683,8.01323796420708,169.279651993875,177.292889958082,2634.35198073308,197828608
8496,W3WP,3/13/2022 3:33:53 PM,0,0,0,79241216,78045184,0,13824000,13807616,5787648,5693440,5693440,12,8,13274.7545172,8496,3468,137008,32080,235,0.99496678861933,0.99496678861933,1.98993357723866,0,7.95973430895464,286.550435122367,294.510169431322,0,4980736
7932,W3WP,3/13/2022 3:33:54 PM,0,0,0,78585856,77922304,0,13774848,13762560,5804032,5705728,5705728,12,8,13284.5673363,7932,3468,136560,31824,234,0,0,0,0,0,0,0,0,5013504
5608,W3WP,3/13/2022 3:33:55 PM,0,0,0,79118336,77922304,0,13959168,13930496,5931008,5824512,5824512,12,8,13249.6080207,5608,3468,136560,22224,238,0.997268408868192,0.997268408868192,1.99453681773638,0,7.97814727094554,287.213301754039,295.191449024985,0,5173248
8888,W3WP,3/13/2022 3:33:56 PM,0,0,0,18775162880,18773549056,0,440107008,439906304,578502656,578322432,578322432,44,8,12830.5096256,8888,3468,429904,144760,1379,0,0,0,0,0,0,0,0,394158080
1040,W3WP,3/13/2022 3:33:57 PM,0,0,0,18791133184,18785275904,0,363302912,360898560,495632384,492433408,492433408,38,8,13309.7611492,1040,3468,432944,132664,1702,0,0,0,1.0009250354984,0,0,0,0,314580992
9140,W3WP,3/13/2022 3:33:58 PM,0,0,0,18766626816,18765029376,0,265154560,265129984,405704704,405528576,405528576,45,8,12097.1586923,9140,3468,412504,129752,1170,0.996887761911117,0.996887761911117,1.99377552382223,0,7.97510209528894,287.103675430402,295.078777525691,0,221716480
9304,W3WP,3/13/2022 3:33:59 PM,0,0,0,78585856,77922304,0,13766656,13742080,5791744,5693440,5693440,12,8,13238.8660341,9304,3468,136560,34224,228,0,0,0,0,0,0,0,0,4997120
9052,W3WP,3/13/2022 3:34:00 PM,0,0,0,18804453376,18800431104,0,361324544,358723584,497315840,494800896,494800896,40,8,13247.6794227,9052,3468,434584,143064,1316,0.996569005242773,0.996569005242773,1.99313801048555,0,7.97255204194219,287.011873509919,294.984425551861,0,309039104
1616,W3WP,3/13/2022 3:34:01 PM,0,0,0,78585856,77922304,0,13840384,13811712,5853184,5746688,5746688,12,8,13322.4424357,1616,3468,136560,31024,232,0,0,0,0,0,0,0,0,5058560
7204,W3WP,3/13/2022 3:34:02 PM,0,0,0,79118336,77922304,0,13807616,13795328,5865472,5746688,5746688,12,8,13294.3883044,7204,3468,136560,31824,236,0,0,0,0,0,0,0,0,5046272
6632,W3WP,3/13/2022 3:34:03 PM,0,0,0,78585856,77922304,0,13635584,13615104,5701632,5607424,5607424,12,8,4898.8801011,6632,3468,136560,35024,222,0.996217235340953,0.996217235340953,1.99243447068191,0,7.96973788272763,286.910563778195,294.880301660922,0,4866048
7260,W3WP,3/13/2022 3:34:04 PM,0,0,0,78585856,78454784,0,13778944,13774848,5795840,5730304,5730304,13,8,13296.3674786,7260,3468,136560,32080,240,0,0,0,0,0,0,0,0,5025792
2356,W3WP,3/13/2022 3:34:05 PM,0,0,0,18774683648,18767761408,3.00066416474142,803123200,781320192,936185856,911175680,911175680,39,8,13297.5276905,2356,3468,409320,131672,1117,1.00022138824714,2.00044277649428,3.00066416474142,49.0108480241099,8.00177110597713,432.095639722765,440.097410828742,1653.36595477252,735916032
4356,W3WP,3/13/2022 3:34:06 PM,0,0,0,18767151104,18763423744,0,241664000,241537024,382840832,382660608,382660608,38,8,13307.1647053,4356,3468,412456,135096,1307,0,0,0,0,0,0,0,0,197812224
8496,W3WP,3/13/2022 3:34:08 PM,0,0,0,79241216,78045184,0,13824000,13807616,5787648,5693440,5693440,12,8,13289.9846052,8496,3468,137008,32080,235,0.999637777488317,0.999637777488317,1.99927555497663,0,7.99710221990653,287.895679916635,295.892782136542,0,4980736
7932,W3WP,3/13/2022 3:34:09 PM,0,0,0,78585856,77922304,0,13774848,13762560,5804032,5705728,5705728,12,8,13299.7954693,7932,3468,136560,31824,234,0,0,0,0,0,0,0,0,5013504
5608,W3WP,3/13/2022 3:34:10 PM,0,0,0,79118336,77922304,0,13959168,13930496,5931008,5824512,5824512,12,8,13264.8280536,5608,3468,136560,22224,238,1.00201977564706,1.00201977564706,2.00403955129412,0,8.01615820517647,288.581695386353,296.59785359153,0,5173248
8888,W3WP,3/13/2022 3:34:11 PM,0,0,0,18775162880,18774081536,0,440107008,439922688,578502656,578351104,578351104,45,8,12845.7337351,8888,3468,429904,145016,1385,0,0,0,0,0,0,0,0,394174464
1040,W3WP,3/13/2022 3:34:12 PM,0,0,0,18791133184,18786340864,1.00316316581596,363302912,360939520,495632384,492498944,492498944,40,8,13324.9852217,1040,3468,432560,131704,1704,0,0,0,1.00316316581596,0,0,0,0,314621952
9140,W3WP,3/13/2022 3:34:13 PM,0,0,0,18766626816,18761302016,0,265154560,264994816,405704704,405303296,405303296,38,8,12112.3843566,9140,3468,412504,127960,1152,0.999128344670797,0.999128344670797,1.99825668934159,0,7.99302675736638,287.74896326519,295.741990022556,0,221581312
9304,W3WP,3/13/2022 3:34:14 PM,0,0,0,78585856,77922304,0,13766656,13742080,5791744,5693440,5693440,12,8,13254.0930372,9304,3468,136560,34224,228,0,0,0,0,0,0,0,0,4997120
9052,W3WP,3/13/2022 3:34:15 PM,0,0,0,18804453376,18799898624,0,361324544,358703104,497315840,494768128,494768128,39,8,13262.9026098,9052,3468,434584,142808,1315,1.00131056211184,1.00131056211184,2.00262112422368,0,8.01048449689473,288.37744188821,296.387926385105,0,309018624
1616,W3WP,3/13/2022 3:34:16 PM,0,0,0,78585856,77922304,0,13840384,13811712,5853184,5746688,5746688,12,8,13337.6667804,1616,3468,136560,31024,232,0,0,0,0,0,0,0,0,5058560
7204,W3WP,3/13/2022 3:34:17 PM,0,0,0,79118336,77922304,0,13807616,13795328,5865472,5746688,5746688,12,8,13309.6189596,7204,3468,136560,31824,236,0,0,0,0,0,0,0,0,5046272
6632,W3WP,3/13/2022 3:34:18 PM,0,0,0,78585856,77922304,0,13635584,13615104,5701632,5607424,5607424,12,8,4914.1053392,6632,3468,136560,35024,222,0.999090481082007,0.999090481082007,1.99818096216401,0,7.99272384865605,287.738058551618,295.730782400274,0,4866048
7260,W3WP,3/13/2022 3:34:19 PM,0,0,0,78585856,78454784,0,13778944,13774848,5795840,5730304,5730304,13,8,13311.5918233,7260,3468,136560,32080,240,0,0,0,0,0,0,0,0,5025792
2356,W3WP,3/13/2022 3:34:20 PM,0,0,0,18774683648,18767228928,0.999149727730067,803123200,781307904,936185856,911147008,911147008,38,8,13312.7570292,2356,3468,409320,131416,1113,0.999149727730067,0.999149727730067,1.99829945546013,0,7.99319782184054,287.755121586259,295.7483194081,0,735903744
4356,W3WP,3/13/2022 3:34:21 PM,0,0,0,18767151104,18763956224,0,241664000,241553408,382840832,382689280,382689280,39,8,13322.3904031,4356,3468,412456,135352,1311,0,0,0,0,0,0,0,0,197828608
8496,W3WP,3/13/2022 3:34:23 PM,0,0,0,79241216,78045184,0,13824000,13807616,5787648,5693440,5693440,12,8,13305.2205696,8496,3468,137008,32080,235,0,0,0,0,0,0,0,0,4980736
7932,W3WP,3/13/2022 3:34:25 PM,0,0,0,78585856,77922304,0,13774848,13762560,5804032,5705728,5705728,12,8,13315.0314099,7932,3468,136560,31824,234,0,0,0,0,0,0,0,0,5013504
5608,W3WP,3/13/2022 3:34:26 PM,0,0,0,79118336,77922304,0,13959168,13930496,5931008,5824512,5824512,12,8,13280.06518,5608,3468,136560,22224,238,1.00102742602086,1.00102742602086,2.00205485204172,0,8.00821940816687,288.295898694008,296.304118102174,0,5173248
8888,W3WP,3/13/2022 3:34:27 PM,0,0,0,18775162880,18773016576,0,440107008,439885824,578502656,578289664,578289664,43,8,12860.9739192,8888,3468,429904,144504,1376,0,0,0,0,0,0,0,0,394137600
1040,W3WP,3/13/2022 3:34:28 PM,0,0,0,18791133184,18786340864,0,363302912,360943616,495632384,492503040,492503040,40,8,13340.2263684,1040,3468,432560,131704,1704,1.00134948907093,1.00134948907093,2.00269897814185,1.00134948907093,8.01079591256741,288.388652852427,296.399448764994,0,314626048
9140,W3WP,3/13/2022 3:34:29 PM,0,0,0,18766626816,18760769536,0,265154560,264974336,405704704,405270528,405270528,37,8,12127.6249459,9140,3468,412504,127704,1151,0,0,0,0,0,0,0,0,221560832
9304,W3WP,3/13/2022 3:34:30 PM,0,0,0,78585856,77922304,0,13766656,13742080,5791744,5693440,5693440,12,8,13269.3325617,9304,3468,136560,34224,228,0,0,0,0,0,0,0,0,4997120
9052,W3WP,3/13/2022 3:34:31 PM,0,0,0,18804453376,18799366144,0,361324544,358686720,497315840,494739456,494739456,38,8,13278.1459655,9052,3468,434584,142552,1311,0.996537096470791,0.996537096470791,1.99307419294158,0,7.97229677176633,287.002683783588,294.974980555354,0,309002240
1616,W3WP,3/13/2022 3:34:32 PM,0,0,0,78585856,77922304,0,13840384,13811712,5853184,5746688,5746688,12,8,13352.9072037,1616,3468,136560,31024,232,0,0,0,0,0,0,0,0,5058560
7204,W3WP,3/13/2022 3:34:33 PM,0,0,0,79118336,77922304,0,13807616,13799424,5865472,5746688,5746688,12,8,13324.8519782,7204,3468,136752,35342,238,1.00243305084177,1.00243305084177,2.00486610168354,0,8.01946440673417,288.70071864243,296.720183049164,0,5050368
6632,W3WP,3/13/2022 3:34:34 PM,0,0,0,78585856,77922304,0,13635584,13615104,5701632,5607424,5607424,12,8,4929.3371528,6632,3468,136560,35024,222,0,0,0,0,0,0,0,0,4866048
7260,W3WP,3/13/2022 3:34:35 PM,0,0,0,78585856,78454784,0,13778944,13774848,5795840,5730304,5730304,13,8,13326.8240979,7260,3468,136560,32080,240,0,0,0,0,0,0,0,0,5025792
2356,W3WP,3/13/2022 3:34:36 PM,0,0,0,18774683648,18767228928,0,803123200,781307904,936185856,911147008,911147008,38,8,13327.9842518,2356,3468,409320,131416,1112,1.00071272017963,1.00071272017963,2.00142544035925,0,8.00570176143702,288.205263411733,296.21096517317,0,735903744
4976,W3WP,
4356,W3WP,3/13/2022 3:34:37 PM,0,0,0,18767151104,18763423744,0,241664000,241537024,382840832,382660608,382660608,38,8,13337.7324887,4356,3468,412456,135096,1307,0,0,0,0,0,0,0,0,197812224
8496,W3WP,3/13/2022 3:34:39 PM,0,0,0,79241216,78045184,0,13824000,13807616,5787648,5693440,5693440,12,8,13320.7941873,8496,3468,137008,32080,235,0,0,0,0,0,0,0,0,4980736
10144,W3WP,
10564,W3WP,
7932,W3WP,3/13/2022 3:34:40 PM,0,0,0,78585856,77922304,0,13778944,13778944,5804032,5713920,5713920,12,8,13330.8981642,7932,3468,136752,31760,236,0.977764823741723,0.977764823741723,1.95552964748345,0,7.82211858993378,281.596269237616,289.41838782755,0,5025792
5608,W3WP,3/13/2022 3:34:41 PM,0,0,0,79118336,77922304,0,13959168,13930496,5931008,5824512,5824512,12,8,13295.9591354,5608,3468,136560,22224,238,0,0,0,0,0,0,0,0,5173248
8888,W3WP,3/13/2022 3:34:42 PM,0,0,0,18775162880,18773016576,0,440107008,439877632,578502656,578281472,578281472,43,8,12876.8735591,8888,3468,429904,144504,1380,0,0,0,0,0,0,0,0,394129408
1040,W3WP,3/13/2022 3:34:43 PM,0,0,0,18791133184,18785808384,0,363302912,360902656,495632384,492449792,492449792,39,8,13356.1262519,1040,3468,432560,131448,1706,1.00193554877435,1.00193554877435,2.00387109754871,0,8.01548439019483,288.557438047014,296.572922437209,0,314585088
9140,W3WP,3/13/2022 3:34:44 PM,0,0,0,18766626816,18761302016,0,265289728,265199616,405704704,405372928,405372928,38,8,12143.5259816,9140,3468,412504,127160,1196,0,0,0,0.998465033735841,0,0,0,0,221786112
9304,W3WP,3/13/2022 3:34:45 PM,0,0,0,78585856,77922304,0,13766656,13742080,5791744,5693440,5693440,12,8,13285.2397277,9304,3468,136560,34224,228,0.998342262070502,0.998342262070502,1.996684524141,0,7.98673809656401,287.522571476305,295.509309572869,0,4997120
9052,W3WP,3/13/2022 3:34:46 PM,0,0,0,18804453376,18799898624,0,361324544,358699008,497315840,494768128,494768128,39,8,13294.0552275,9052,3468,434584,142808,1315,0,0,0,1.00020754860989,0,0,0,1260.26151124847,309014528
1616,W3WP,3/13/2022 3:34:48 PM,0,0,0,78585856,77922304,0,13840384,13811712,5853184,5746688,5746688,12,8,13368.81609,1616,3468,136560,31024,232,0,0,0,0,0,0,0,0,5058560
7204,W3WP,3/13/2022 3:34:49 PM,0,0,0,79118336,77922304,0,13815808,13815808,5865472,5754880,5754880,12,8,13340.762114,7204,3468,136752,31088,238,1.00037856196452,1.00037856196452,2.00075712392904,0,8.00302849571618,288.109025845782,296.112054341499,0,5062656
6632,W3WP,3/13/2022 3:34:50 PM,0,0,0,78585856,77922304,0,13635584,13615104,5701632,5607424,5607424,12,8,4945.247132,6632,3468,136560,35024,222,0,0,0,0,0,0,0,0,4866048
7260,W3WP,3/13/2022 3:34:51 PM,0,0,0,78585856,78454784,0,13778944,13774848,5795840,5730304,5730304,13,8,13342.7344944,7260,3468,136560,32080,240,1.00000892504922,1.00000892504922,2.00001785009844,0,8.00007140039377,288.002570414176,296.00264181457,0,5025792
2356,W3WP,3/13/2022 3:34:52 PM,0,0,0,18774683648,18767228928,0,803123200,781307904,936185856,911147008,911147008,38,8,13343.8947723,2356,3468,409320,131416,1112,0,0,0,0,0,0,0,0,735903744
4976,W3WP,
4356,W3WP,3/13/2022 3:34:53 PM,0,0,0,18767151104,18764488704,0,241664000,241569792,382840832,382717952,382717952,40,8,13353.5962495,4356,3468,412456,135608,1317,0,0,0,0,0,0,0,0,197844992
8496,W3WP,3/13/2022 3:34:55 PM,0,0,0,79241216,78045184,0,13824000,13807616,5787648,5693440,5693440,12,8,13336.4170267,8496,3468,137008,32080,235,0,0,0,0,0,0,0,0,4980736
10144,W3WP,
10564,W3WP,
7932,W3WP,3/13/2022 3:34:56 PM,0,0,0,78585856,77922304,0,13778944,13778944,5804032,5713920,5713920,12,8,13346.4488693,7932,3468,136752,31760,236,1.00012094796426,1.00012094796426,2.00024189592852,0,8.00096758371407,288.034833013706,296.03580059742,0,5025792
5608,W3WP,3/13/2022 3:34:57 PM,0,0,0,79118336,77922304,0,13959168,13930496,5931008,5824512,5824512,12,8,13311.4837358,5608,3468,136560,22224,238,0,0,0,0,0,0,0,0,5173248
8888,W3WP,3/13/2022 3:34:58 PM,0,0,0,18775162880,18771951616,0,440107008,439824384,578502656,578203648,578203648,41,8,12892.3870374,8888,3468,429904,143992,1374,0,0,0,0,0,0,0,0,394076160
10828,W3WP,
1040,W3WP,3/13/2022 3:34:59 PM,0,0,0,18791133184,18786340864,0,363302912,360927232,495632384,492486656,492486656,40,8,13371.7254254,1040,3468,432560,131704,1710,0,0,0,0,0,0,0,0,314609664
9140,W3WP,3/13/2022 3:35:00 PM,0,0,0,18766626816,18761302016,0,265289728,265191424,405704704,405364736,405364736,38,8,12159.1189183,9140,3468,412504,127160,1199,0,0,0,1.00366458520138,0,0,0,0,221777920
9304,W3WP,3/13/2022 3:35:01 PM,0,0,0,78585856,77922304,0,13766656,13742080,5791744,5693440,5693440,12,8,13300.8214633,9304,3468,136560,34224,228,1.00249583393914,1.00249583393914,2.00499166787827,0,8.01996667151309,288.718800174471,296.738766845984,0,4997120
9052,W3WP,3/13/2022 3:35:02 PM,0,0,0,18804453376,18799366144,0,361324544,358682624,497315840,494739456,494739456,38,8,13309.6442759,9052,3468,434584,142552,1311,0,0,0,0,0,0,0,0,308998144
1616,W3WP,3/13/2022 3:35:03 PM,0,0,0,78585856,77922304,0,13840384,13811712,5853184,5746688,5746688,12,8,13384.4024131,1616,3468,136560,31024,232,1.00140587141237,1.00140587141237,2.00281174282474,0,8.01124697129895,288.404890966762,296.416137938061,0,5058560
7204,W3WP,3/13/2022 3:35:04 PM,0,0,0,79118336,77922304,0,13836288,13836288,5865472,5767168,5767168,12,8,13356.3550725,7204,3468,136752,29616,238,0,0,0,0,0,0,0,0,5083136
6632,W3WP,3/13/2022 3:35:05 PM,0,0,0,78585856,77922304,0,13635584,13615104,5701632,5607424,5607424,12,8,4960.8389727,6632,3468,136560,35024,222,0,0,0,0,0,0,0,0,4866048
7260,W3WP,3/13/2022 3:35:06 PM,0,0,0,78585856,78454784,0,13778944,13774848,5795840,5730304,5730304,13,8,13358.3302112,7260,3468,136560,32080,240,0.997735963978452,0.997735963978452,1.9954719279569,0,7.98188771182762,287.347957625794,295.329845337622,0,5025792
2356,W3WP,3/13/2022 3:35:07 PM,0,0,0,18774683648,18767761408,0,803123200,781332480,936185856,911183872,911183872,39,8,13359.4916159,2356,3468,409128,130936,1114,0,0,0,0,0,0,0,0,735928320
4976,W3WP,
4356,W3WP,3/13/2022 3:35:08 PM,0,0,0,18767151104,18764488704,0,241664000,241569792,382840832,382717952,382717952,40,8,13369.1961522,4356,3468,412456,135608,1317,0.998862914567041,0.998862914567041,1.99772582913408,0.998862914567041,7.99090331653632,287.672519395308,295.663422711844,0,197844992
8496,W3WP,3/13/2022 3:35:10 PM,0,0,0,79241216,78045184,0,13824000,13807616,5787648,5693440,5693440,12,8,13352.0255516,8496,3468,137008,32080,235,0.994944258978969,0.994944258978969,1.98988851795794,0,7.95955407183175,7.95955407183175,15.9191081436635,0,4980736
10144,W3WP,
10564,W3WP,
12732,W3WP,
7932,W3WP,3/13/2022 3:35:12 PM,0,0,0,78585856,77922304,0,13778944,13778944,5804032,5713920,5713920,12,8,13362.1793915,7932,3468,136752,31760,236,0.997886136358677,0.997886136358677,1.99577227271735,0,7.98308909086942,287.391207271299,295.374296362168,0,5025792
5608,W3WP,3/13/2022 3:35:13 PM,0,0,0,79118336,77922304,0,13959168,13930496,5931008,5824512,5824512,12,8,13327.216363,5608,3468,136560,22224,238,0,0,0,0,0,0,0,0,5173248
8888,W3WP,3/13/2022 3:35:14 PM,0,0,0,18775162880,18771419136,0,440107008,439816192,578502656,578183168,578183168,40,8,12908.1226483,8888,3468,429904,143736,1386,0.99713395139598,1.99426790279196,2.99140185418794,47.8624296670071,7.97707161116784,431.75900095446,439.736072565627,1664.21656487989,394067968
10828,W3WP,
1040,W3WP,3/13/2022 3:35:15 PM,0,0,0,18791133184,18786340864,0,363302912,360910848,495632384,492470272,492470272,40,8,13387.443913,1040,3468,432560,131704,1713,0,0,0,0,0,0,0,0,314593280
9140,W3WP,3/13/2022 3:35:16 PM,0,0,0,18766626816,18762899456,0,265289728,265240576,405704704,405450752,405450752,41,8,12174.8385429,9140,3468,412504,127928,1213,1.00178908150648,1.00178908150648,2.00357816301295,0,8.01431265205181,288.515255473865,296.529568125917,0,221827072
9304,W3WP,3/13/2022 3:35:17 PM,0,0,0,78585856,77922304,0,13766656,13742080,5791744,5693440,5693440,12,8,13316.542437,9304,3468,136560,34224,228,0,0,0,0,0,0,0,0,4997120
9052,W3WP,3/13/2022 3:35:18 PM,0,0,0,18804453376,18799898624,0,361324544,358699008,497315840,494768128,494768128,39,8,13325.3541003,9052,3468,434584,142808,1315,0,0,0,0.998749392746835,0,0,0,0,309014528
1616,W3WP,3/13/2022 3:35:19 PM,0,0,0,78585856,77922304,0,13840384,13811712,5853184,5746688,5746688,12,8,13400.1250446,1616,3468,136560,31024,232,0.999708684633047,0.999708684633047,1.99941736926609,0,7.99766947706438,287.916101174318,295.913770651382,0,5058560
7204,W3WP,3/13/2022 3:35:20 PM,0,0,0,79118336,77922304,0,13840384,13840384,5865472,5767168,5767168,12,8,13372.075537,7204,3468,136752,28816,238,0,0,0,0,0,0,0,0,5087232
6632,W3WP,3/13/2022 3:35:21 PM,0,0,0,78585856,77922304,0,13635584,13615104,5701632,5607424,5607424,12,8,4976.5583291,6632,3468,136560,35024,222,1.00218110067544,1.00218110067544,2.00436220135088,0,8.01744880540351,288.628156994526,296.64560579993,0,4866048
7260,W3WP,3/13/2022 3:35:22 PM,0,0,0,78585856,78454784,0,13778944,13774848,5795840,5730304,5730304,13,8,13374.0457624,7260,3468,136560,32080,240,0,0,0,0,0,0,0,0,5025792
2356,W3WP,3/13/2022 3:35:23 PM,0,0,0,18774683648,18766696448,0,803123200,781279232,936185856,911106048,911106048,37,8,13375.2244127,2356,3468,409128,130424,1106,0,0,0,0.996147708228684,0,0,0,0,735875072
4976,W3WP,
4356,W3WP,3/13/2022 3:35:24 PM,0,0,0,18767151104,18764488704,0,241664000,241565696,382840832,382717952,382717952,40,8,13384.93993,4356,3468,412456,135608,1322,0.999893804140925,0.999893804140925,1.99978760828185,0.999893804140925,7.9991504331274,287.969415592586,295.968566025714,0,197840896
8496,W3WP,3/13/2022 3:35:26 PM,0,0,0,79241216,78045184,0,13824000,13807616,5787648,5693440,5693440,12,8,13367.7583631,8496,3468,137008,32080,235,1.00237027560772,1.00237027560772,2.00474055121544,0,8.01896220486177,288.682639375024,296.701601579886,0,4980736
10144,W3WP,
10564,W3WP,
12732,W3WP,
7932,W3WP,3/13/2022 3:35:27 PM,0,0,0,78585856,77922304,0,13778944,13778944,5804032,5713920,5713920,12,8,13377.861327,7932,3468,136752,31760,236,0,0,0,0,0,0,0,0,5025792
5608,W3WP,3/13/2022 3:35:28 PM,0,0,0,79118336,77922304,0,13959168,13930496,5931008,5824512,5824512,12,8,13342.8948793,5608,3468,136560,22224,238,0,0,0,0,0,0,0,0,5173248
8888,W3WP,3/13/2022 3:35:29 PM,0,0,0,18803429376,18794786816,40.0858636270943,466710528,459177984,602669056,594931712,594931712,40,8,12923.7966275,8888,3468,434264,147864,1294,1.00214659067736,2.00429318135471,3.00643977203207,50.1073295338678,8.01717272541885,437.938060126005,445.955232851424,1658.55260757103,411189248
10828,W3WP,
1040,W3WP,3/13/2022 3:35:30 PM,0,0,0,18791133184,18785939456,0,364171264,361459712,495878144,493125632,493125632,39,8,13403.1278959,1040,3468,432752,132440,1753,0,0,0,0,0,0,0,0,315097088
9140,W3WP,3/13/2022 3:35:31 PM,0,0,0,18766626816,18762899456,0,265289728,265240576,405704704,405450752,405450752,41,8,12190.5234987,9140,3468,412504,127928,1213,1.00045984729498,1.00045984729498,2.00091969458996,0,8.00367877835985,288.132436020955,296.136114799315,0,221827072
9304,W3WP,3/13/2022 3:35:32 PM,0,0,0,78585856,77922304,0,13766656,13742080,5791744,5693440,5693440,12,8,13332.2303554,9304,3468,136560,34224,228,0,0,0,0,0,0,0,0,4997120
9052,W3WP,3/13/2022 3:35:33 PM,0,0,0,18804453376,18799366144,0,361324544,358682624,497315840,494739456,494739456,38,8,13341.040618,9052,3468,434584,142552,1311,0,0,0,0,0,0,0,0,308998144
1616,W3WP,3/13/2022 3:35:35 PM,0,0,0,78585856,77922304,0,13840384,13811712,5853184,5746688,5746688,12,8,13415.8078833,1616,3468,136560,31024,232,0.995053824460723,0.995053824460723,1.99010764892145,0,7.96043059568578,286.575501444688,294.535932040374,0,5058560
7204,W3WP,3/13/2022 3:35:36 PM,0,0,0,79118336,77922304,0,13840384,13840384,5865472,5767168,5767168,12,8,13387.7534415,7204,3468,136752,28816,238,0,0,0,0,0,0,0,0,5087232
6632,W3WP,3/13/2022 3:35:37 PM,0,0,0,78585856,77922304,0,13635584,13623296,5701632,5615616,5615616,12,8,4992.2363813,6632,3468,136560,35024,222,1.00206010203475,1.00206010203475,2.0041202040695,0,8.01648081627798,288.593309386007,296.609790202285,0,4874240
7260,W3WP,3/13/2022 3:35:38 PM,0,0,0,78585856,78454784,0,13778944,13774848,5795840,5730304,5730304,13,8,13389.723753,7260,3468,136560,32080,240,0,0,0,0,0,0,0,0,5025792
2356,W3WP,3/13/2022 3:35:39 PM,0,0,0,18774683648,18767761408,0,803123200,781312000,936185856,911163392,911163392,39,8,13390.8830571,2356,3468,409128,130936,1110,0,0,0,1.00116517207733,0,0,0,0,735907840
4976,W3WP,
4356,W3WP,3/13/2022 3:35:40 PM,0,0,0,18767151104,18766086144,0,241664000,241610752,382840832,382799872,382799872,43,8,13400.5935492,4356,3468,412264,135640,1329,0,0,0,0,0,0,0,0,197885952
8496,W3WP,3/13/2022 3:35:42 PM,0,0,0,79241216,78045184,0,13824000,13807616,5787648,5693440,5693440,12,8,13383.4171436,8496,3468,137008,32080,235,1.00104889044545,1.00104889044545,2.0020977808909,0,8.00839112356358,288.302080448289,296.310471571853,0,4980736
10144,W3WP,
10564,W3WP,
12732,W3WP,
7932,W3WP,3/13/2022 3:35:43 PM,0,0,0,78585856,77922304,0,13778944,13778944,5804032,5713920,5713920,12,8,13393.5388821,7932,3468,136752,31760,236,0.996383785593567,0.996383785593567,1.99276757118713,0,7.97107028474854,286.958530250947,294.929600535696,0,5025792
5608,W3WP,3/13/2022 3:35:44 PM,0,0,0,79118336,77922304,0,13959168,13930496,5931008,5824512,5824512,12,8,13358.5717792,5608,3468,136560,22224,238,1.00302756317867,1.00302756317867,2.00605512635735,0,8.02422050542938,288.871938195458,296.896158700887,0,5173248
8888,W3WP,3/13/2022 3:35:45 PM,0,0,0,18803429376,18794254336,0,466710528,459165696,602669056,594907136,594907136,39,8,12939.4796844,8888,3468,434264,147608,1290,0,0,0,0.998849112497248,0,0,0,0,411176960
10828,W3WP,
1040,W3WP,3/13/2022 3:35:46 PM,0,0,0,18791133184,18786471936,0,364171264,361472000,495878144,493154304,493154304,40,8,13418.8314191,1040,3468,432752,132696,1761,0,0,0,0,0,0,0,0,315109376
9140,W3WP,3/13/2022 3:35:47 PM,0,0,0,18766626816,18762899456,0,265289728,265240576,405704704,405450752,405450752,41,8,12206.2324747,9140,3468,412504,127928,1213,0.996305818968679,0.996305818968679,1.99261163793736,0,7.97044655174943,286.93607586298,294.906522414729,0,221827072
9304,W3WP,3/13/2022 3:35:48 PM,0,0,0,78585856,77922304,0,13766656,13742080,5791744,5693440,5693440,12,8,13347.9503736,9304,3468,136560,34224,228,0,0,0,0,0,0,0,0,4997120
9052,W3WP,3/13/2022 3:35:49 PM,0,0,0,18804453376,18799366144,0,361324544,358686720,497315840,494743552,494743552,38,8,13356.7602323,9052,3468,435000,143736,1316,1.00157058000617,1.00157058000617,2.00314116001234,0,8.01256464004934,288.452327041776,296.464891681826,0,309002240
1616,W3WP,3/13/2022 3:35:50 PM,0,0,0,78585856,77922304,0,13840384,13811712,5853184,5746688,5746688,12,8,13431.5194369,1616,3468,136560,31024,232,1.00140408139918,1.00140408139918,2.00280816279837,0,8.01123265119347,288.404375442965,296.415608094158,0,5058560
7204,W3WP,3/13/2022 3:35:51 PM,0,0,0,79118336,77922304,0,13840384,13840384,5865472,5767168,5767168,12,8,13403.4673933,7204,3468,136752,28816,238,0,0,0,0,0,0,0,0,5087232
6632,W3WP,3/13/2022 3:35:52 PM,0,0,0,78585856,77922304,0,13635584,13623296,5701632,5615616,5615616,12,8,5007.9508271,6632,3468,136560,35024,222,0,0,0,0,0,0,0,0,4874240
7260,W3WP,3/13/2022 3:35:53 PM,0,0,0,78585856,78454784,0,13778944,13774848,5795840,5730304,5730304,13,8,13405.4450193,7260,3468,136560,32080,240,0,0,0,0,0,0,0,0,5025792
2356,W3WP,3/13/2022 3:35:54 PM,0,0,0,18774683648,18767228928,0,803123200,781295616,936185856,911134720,911134720,38,8,13406.6054169,2356,3468,409128,130680,1106,1.00180027779802,1.00180027779802,2.00360055559604,0,8.01440222238415,288.51848000583,296.532882228214,0,735891456
4976,W3WP,
4356,W3WP,3/13/2022 3:35:55 PM,0,0,0,18767151104,18767151104,0,241664000,241651712,382865408,382865408,382865408,45,8,13416.3095609,4356,3468,412264,136152,1341,0,0,0,0,0,0,0,0,197926912
8496,W3WP,3/13/2022 3:35:57 PM,0,0,0,79241216,78045184,0,13824000,13807616,5787648,5693440,5693440,12,8,13399.146988,8496,3468,137008,32080,235,0,0,0,0,0,0,0,0,4980736
10144,W3WP,
10564,W3WP,
12732,W3WP,
7932,W3WP,3/13/2022 3:35:59 PM,0,0,0,78585856,77922304,0,13778944,13778944,5804032,5713920,5713920,12,8,13409.3275306,7932,3468,136752,31760,236,0,0,0,0,0,0,0,0,5025792
5608,W3WP,3/13/2022 3:36:00 PM,0,0,0,79118336,77922304,0,13959168,13930496,5931008,5824512,5824512,12,8,13374.3650778,5608,3468,136560,22224,238,0.998267546272641,0.998267546272641,1.99653509254528,0,7.98614037018113,287.501053326521,295.487193696702,0,5173248
8888,W3WP,3/13/2022 3:36:01 PM,0,0,0,18803429376,18793721856,0,466710528,459141120,602669056,594870272,594870272,38,8,12955.2716665,8888,3468,434264,147352,1285,1.00009818430444,1.00009818430444,2.00019636860887,0,8.00078547443549,288.028277079677,296.029062554113,0,411152384
10828,W3WP,
1040,W3WP,3/13/2022 3:36:02 PM,0,0,0,18791133184,18787536896,0,364171264,361508864,495878144,493211648,493211648,42,8,13434.6032634,1040,3468,432752,133208,1772,1.99990539979741,1.99990539979741,3.99981079959483,0,15.9992431983793,575.972755141655,591.971998340034,0,315146240
9140,W3WP,3/13/2022 3:36:03 PM,0,0,0,18766626816,18761302016,0,265289728,265187328,405704704,405364736,405364736,38,8,12221.9978755,9140,3468,412504,127160,1215,0,0,0,0,0,0,0,0,221773824
9304,W3WP,3/13/2022 3:36:04 PM,0,0,0,78585856,77922304,0,13766656,13742080,5791744,5693440,5693440,12,8,13363.7015705,9304,3468,136560,34224,228,1.00111105303435,1.00111105303435,2.00222210606871,0,8.00888842427483,288.319983273894,296.328871698169,0,4997120
9052,W3WP,3/13/2022 3:36:05 PM,0,0,0,18804453376,18799366144,3.99167963661868,361324544,358690816,497315840,494747648,494747648,38,8,13372.5145583,9052,3468,434584,142552,1318,0,0.997919909154671,0.997919909154671,47.9001556394242,0,144.698386827427,144.698386827427,1649.56160983267,309006336
1616,W3WP,3/13/2022 3:36:06 PM,0,0,0,78585856,77922304,0,13840384,13811712,5853184,5746688,5746688,12,8,13447.2775637,1616,3468,136560,31024,232,0,0,0,0,0,0,0,0,5058560
7204,W3WP,3/13/2022 3:36:07 PM,0,0,0,79118336,77922304,0,13840384,13840384,5865472,5767168,5767168,12,8,13419.2252532,7204,3468,136752,28816,240,0.999066428057448,0.999066428057448,1.9981328561149,0,7.99253142445959,287.731131280545,295.723662705005,0,5087232
6632,W3WP,3/13/2022 3:36:08 PM,0,0,0,78585856,77922304,0,13635584,13623296,5701632,5615616,5615616,12,8,5023.7092658,6632,3468,136560,35024,222,0,0,0,0,0,0,0,0,4874240
7260,W3WP,3/13/2022 3:36:09 PM,0,0,0,78585856,78454784,0,13778944,13774848,5795840,5730304,5730304,13,8,13421.1992084,7260,3468,136560,32080,240,0.998998284110165,0.998998284110165,1.99799656822033,0,7.99198627288132,287.711505823727,295.703492096609,0,5025792
2356,W3WP,3/13/2022 3:36:10 PM,0,0,0,18774683648,18767761408,0,803123200,781312000,936185856,911163392,911163392,39,8,13422.3582296,2356,3468,409128,130936,1114,0,0,0,0,0,0,0,0,735907840
4976,W3WP,
4356,W3WP,3/13/2022 3:36:11 PM,0,0,0,18767151104,18765553664,0,241664000,241586176,382865408,382763008,382763008,42,8,13432.0602526,4356,3468,412264,135384,1327,0,0,0,0,0,0,0,0,197861376